time,x,y,z,phi,theta,psi,x_velocity,y_velocity,z_velocity,phi_velocity,theta_velocity,psi_velocity,rotor_speed1,rotor_speed2,rotor_speed3,rotor_speed4
0.06,-5.420518061271303e-08,1.0422821695426463e-07,10.001154333219107,0.000125704069312782,7.006349989158167e-05,0.0,-5.151029082218247e-06,9.590514958856603e-06,0.03847684489248839,0.005986802539818638,0.0034066420821729938,0.0,416.76400757295613,417.0615751515416,416.67372208774975,417.1966399640288
0.12000000000000001,-2.4751584547125414e-06,4.489690432431121e-06,10.006094829946791,0.000266058368202593,6.283175644100627,0.0,-8.405673444247119e-05,0.00016285587391104924,0.12620002696560265,-0.0061925913634045815,-0.01305984271427824,0.0,433.9663520326182,432.582245470906,433.2212226331149,432.19607950484203
0.18,-4.506249250634553e-06,1.843500715102349e-05,10.014989431697764,0.0002989456227338039,6.282243802503649,0.0,9.625401478260612e-05,0.0002885426345481495,0.17028070510853785,0.011439515738077832,-0.020997125246456593,0.0,419.23649765404224,418.5464695573633,417.9522167675965,419.4858657257226
0.23999999999999996,2.8088890056526826e-05,4.59423864365134e-05,10.03029274884255,0.001383231441300481,6.280788018121818,0.0,0.0011416156261405146,0.0007306090002717461,0.339793759980953,0.02881785243563843,-0.031759269758823906,0.0,458.25973040359514,457.4035248859382,458.4248266294157,459.8033458342817
0.3,0.00015104460451194378,0.0001239047417287924,10.052989199684063,0.0032415144085877756,6.279287430228351,0.0,0.0031221904157145903,0.0020452477115814683,0.41672829054991567,0.03496299519285601,-0.014108699482715224,0.0,428.79708211687984,430.29347915032565,429.50672204341197,430.0278574625515
0.36000000000000004,0.0004177802176369999,0.00031802750653401896,10.079986272026446,0.005428445404391802,6.278716099217473,0.0,0.005836424631476068,0.004633449398143333,0.4831467883601975,0.03926561423032092,-0.0016439039693392152,0.0,425.96539894263896,427.0299432123347,425.94018818492174,426.30860096362954
0.4200000000000001,0.0008808554064069264,0.00074374743371132,10.116449989142774,0.008036589717086429,6.278451312637971,0.0,0.009620553673033081,0.009865796319222702,0.7321820549363981,0.05077072703446537,-0.010623856909003623,0.0,482.8683007851108,482.1905774124709,481.3561529758535,482.2267673163579
0.48000000000000015,0.0015568749753906738,0.0015116069757827794,10.16306775155726,0.011782700442150684,6.277694232596177,0.0,0.01298283932690248,0.016076851067813726,0.821679236973996,0.07907809921243387,-0.016938480111548367,0.0,434.7186189643291,434.18935447564337,432.61733923837386,434.99671496641525
0.5400000000000001,0.002462348743288242,0.002758065583143753,10.216966556819846,0.016581878008953943,6.276480221252765,0.0,0.017320387413274244,0.025994605454379007,0.9748213164914808,0.0817424249082207,-0.027807403393467454,0.0,454.33194117950035,453.4598033023802,454.34764535584185,454.5661624487823
0.6000000000000002,0.003670303403524058,0.004738289593532864,10.281847115274804,0.021293833206559754,6.274778077274728,0.0,0.02314342461825671,0.040581212243705096,1.1876550046571068,0.07118902077221259,-0.029516557630910028,0.0,473.07892438501153,472.94715167325023,472.10491625707914,471.2945364573234
0.6600000000000003,0.005231064197477517,0.007609939361413939,10.355226890099999,0.025306049344377968,6.273549428989988,0.0,0.0290235206012523,0.055544896007257545,1.2582511553467184,0.056419995371830824,-0.006728401227047998,0.0,427.7835180529399,429.7193200951905,429.79477526928775,428.544807654644
0.7200000000000003,0.007211125883420789,0.011579832488388085,10.43762662118189,0.02879635667294167,6.273072944588677,0.0,0.037029081409965386,0.07719466750992628,1.4881236301575396,0.0614621047283855,-0.010485089607421692,0.0,478.363281728512,478.0772799909368,477.5410450671381,477.9275470513808
0.7800000000000004,0.009665107108920653,0.01688067833550792,10.531954472211211,0.0322990754044028,6.272476698772817,0.0,0.04483653929077322,0.0998969316100799,1.6558960862040224,0.05136497656566082,-0.008864004332783797,0.0,460.1136233684491,460.24206110422483,460.5644414449004,459.7674479221845
0.8400000000000004,0.012603799468181333,0.02363118056728251,10.63664571232641,0.03587012397658107,6.272068568757277,0.0,0.053169929458882756,0.1254922230719375,1.833529006036967,0.07219932739627472,-0.002968045520888833,0.0,463.0091854199679,463.4728830602577,463.25464893321754,464.8921208550301
0.9000000000000005,0.016036817162469887,0.03196016992148819,10.750778360553106,0.04066197198174404,6.272027629105512,0.0,0.061272755563233486,0.15262583024791648,1.970645295279951,0.09193870653738623,0.0035368525070307738,0.0,451.405630745967,451.930228249142,451.42690373702726,453.02168537848326
0.9600000000000005,0.01995000677486937,0.04200506664675012,10.872638178883534,0.04627231713900226,6.27196763442568,0.0,0.06915423312801541,0.18277906431388052,2.0911079994119914,0.09646674999310066,-0.012115873339031157,0.0,447.94257226479294,446.6679740190058,447.1581503501211,447.53416929371315
1.0200000000000005,0.024361568440487688,0.05406526239386241,11.003534533469743,0.051823762254457506,6.27124917825849,0.0,0.07797620930501882,0.21985796804432137,2.2717257519515703,0.08317233384696796,-0.011692558189566321,0.0,465.5105017176253,465.5437534659858,467.3776063454422,466.34707062400753
1.0800000000000005,0.029255592488071157,0.06819899941640957,11.140036385156426,0.056735085197901824,6.270780767516598,0.0,0.08520839847417973,0.2517014136759407,2.278294224421334,0.07908393644616629,-0.0009898742569930362,0.0,410.2789485182513,411.22816922886676,412.884144546111,412.52928890626424
1.1400000000000006,0.03466734573024807,0.08468905072525368,11.283152615125768,0.061427294695246104,6.270308852349876,0.0,0.09520229340965516,0.2985003933165088,2.491765893257345,0.076382885277147,-0.027451207511280364,0.0,478.29684273731067,476.2774684944626,476.4015491531469,476.19941092885153
1.2000000000000006,0.04059692044604782,0.10362595206805171,11.43148250881346,0.06560344382732453,6.268786109373359,0.0,0.1025801834373015,0.3330939862760411,2.4526180673319233,0.050443577158410705,-0.02152769304887344,0.0,395.61017566658745,396.15501368394257,399.6204024698168,397.2530212947406
1.2600000000000007,0.047076947597268486,0.12507984470385122,11.583159567688435,0.0686500102569143,6.267129961716638,0.0,0.1135726318596171,0.38234309806260897,2.6029197839345986,0.05143277717880262,-0.04393278562423961,0.0,459.3238240684084,457.5433271942395,459.21475174719734,459.2947579288525
1.3200000000000007,0.054185300038973164,0.14924827125242426,11.739412872094478,0.07159344470791851,6.264185747867884,0.0,0.12361466640243363,0.42353146143800735,2.6054865802099583,0.043825702386566946,-0.0620873634765515,0.0,412.53757014097164,410.92959056362145,413.1307408028052,412.4611472150244
1.3800000000000008,0.06202133970741448,0.17619213718593554,11.89933552228841,0.07397055473574365,6.260638145831027,0.0,0.13796258375790543,0.47483670299818903,2.724952183327366,0.029495156852841244,-0.05378253711117421,0.0,449.56002044760794,450.23000054480116,451.14166740249806,449.9838516967056
1.4400000000000008,0.07084244145176839,0.20642626480603646,12.068645809512,0.07576827225304683,6.258185826012012,0.0,0.15638309806226094,0.5331327456477826,2.9182129516379343,0.030879436767264335,-0.022969113198484825,0.0,472.9703486350299,475.33655068208657,472.2417551759608,472.3487446966902
1.5000000000000009,0.08066059288592776,0.23972229364444209,12.24327619188813,0.07836622484191391,6.257004617456541,0.0,0.17099733380669732,0.5769271944384105,2.902810259899577,0.06071516864014438,-0.013820263339129083,0.0,407.04415022844256,407.86207058582386,407.4145695015525,410.0746595910725
1.560000000000001,0.09131140969515977,0.2755059571006309,12.41459606606001,0.08222289488375711,6.256023277978226,0.0,0.18410146681333972,0.616149453313624,2.8080564805512864,0.07058772977820645,-0.02198109179278403,0.0,379.791427621225,379.0078946035683,379.94862415380726,380.89774638219836
1.620000000000001,0.1029247446159883,0.31418896491080966,12.58609334827912,0.08679617976658527,6.255372766478988,0.0,0.20309616638315572,0.6737069947484333,2.9082101388649737,0.08560391522648489,0.005254660909947679,0.0,445.6023375337567,447.82331214793385,443.77451774627076,445.0099097622419
1.680000000000001,0.1156515617738094,0.3563145285468646,12.76236356267802,0.0925185666701358,6.255350807286989,0.0,0.22110795997464444,0.7309827686696467,2.967244755635762,0.10995710370007006,-0.015040553763010672,0.0,434.858402082927,433.15499549787916,431.2144526878334,433.2745674090323
1.740000000000001,0.12942162612816246,0.40185018033832176,12.94066684902138,0.0988495129854714,6.254258725788457,0.0,0.2379799680273675,0.7874349576470039,2.9760951111471363,0.09470253291429671,-0.025420259269709512,0.0,417.18883255020296,416.2815451342702,418.11210827685846,416.79136747848753
1.8000000000000012,0.14431827224730864,0.45119949161027073,13.122658369709686,0.10449044421683151,6.2529932020519965,0.0,0.25870898880753573,0.858088971533252,3.089892995671573,0.0926059046685423,-0.013600633870070718,0.0,450.85491628848547,451.8088761436024,451.18099771491745,451.0190365075704
1.8600000000000012,0.16055966940790278,0.5051712401968607,13.313981687429152,0.1101025246896361,6.252090215451403,0.0,0.2827522822532179,0.941546779892086,3.2868916146245035,0.09532908092114785,-0.01811800690176762,0.0,477.29681757771476,476.9520473523712,477.15368090371885,477.3682687957688
1.9200000000000013,0.17813704549139814,0.5638245847612634,13.51301766374682,0.11577956519822763,6.251059407508166,0.0,0.30325481308922064,1.0140776107054865,3.3473636090670644,0.09315558606484187,-0.015367538438138187,0.0,436.77405133385025,437.00345971531175,436.40949997556845,436.23581765234366
1.9800000000000013,0.1970430169652017,0.6272228079111859,13.718098476349226,0.12154612681954635,6.249750559658743,0.0,0.3270437125918711,1.099742485878343,3.488119129748039,0.1014406880591708,-0.03959818797605775,0.0,463.3106607826773,461.4015074851305,461.9448443403177,462.6051808935168
2.0400000000000014,0.2174097278569897,0.6958821719767647,13.931573101380316,0.12784697908535758,6.247313677138649,0.0,0.3520900790306769,1.1894962000968605,3.6271212082541546,0.11133919992640616,-0.04272887043661867,0.0,463.20205983080467,462.95499525733686,462.3889725107651,463.1772481789769
2.1000000000000014,0.2392542014988634,0.7697845193505687,14.151214957198738,0.1339687558182563,6.244260290909917,0.0,0.37631332819551233,1.274500917760962,3.6939092430355123,0.06719051573405967,-0.0769772792421059,0.0,443.66689364681224,440.8437589912161,442.90324324725594,439.2652238140009
2.1600000000000015,0.26283924427447225,0.8496351841571157,14.380318484674424,0.13800582027514974,6.240116374299607,0.0,0.4103608474845649,1.387541788717228,3.9418801624782236,0.06747144088116651,-0.05668115086418966,0.0,496.0282450387417,497.5133432160657,496.95645725148853,496.9799135970743
2.2200000000000015,0.2882914929400706,0.9354936438340546,14.618039425625119,0.1424299200156094,6.23656426141808,0.0,0.43836358156585575,1.4747514404288766,3.9818797485078,0.08398380334908882,-0.0647887546824105,0.0,436.16532194996995,435.48506138945214,435.3666623266309,436.75043253398616
2.2800000000000016,0.3157871954261284,1.027554125801964,14.864295538988898,0.14706126667883623,6.232794515053733,0.0,0.4785879775003835,1.5943667915422348,4.225573303224415,0.05797052575773552,-0.059174221289363144,0.0,498.07061309439786,498.4786923058714,499.0625256146169,497.1639058748652
2.3400000000000016,0.3454273674526721,1.1258499233051649,15.118133632155454,0.15040880266212575,6.22905159964747,0.0,0.5097366383568228,1.6824165696351279,4.23552911297021,0.051037006524660165,-0.06972099253323177,0.0,429.954165128451,429.0565815367627,428.8637847204014,428.2766187529063
2.4000000000000017,0.377283251477696,1.230242522040892,15.377562122666596,0.1534675080019019,6.225595919109011,0.0,0.5525104333311799,1.7975313072598413,4.411243675189319,0.050861037978811856,-0.04047720022440481,0.0,480.0853196747773,482.2969999882019,480.8363397401076,480.8244478154072
2.4600000000000017,0.4118004203369066,1.341663939048981,15.647884548378606,0.15767661986714643,6.223171172764655,0.0,0.598290583445234,1.9167823981145118,4.5985645973181315,0.09354042661780011,-0.040283264215583106,0.0,485.4092809590023,485.42314238855244,485.181066487985,488.37801431398566
2.520000000000002,0.44891141738923795,1.459796241031987,15.926016561667446,0.16422505332510084,6.221180951501442,0.0,0.6389297006541573,2.0214694324849347,4.671977392259696,0.12952797666250476,-0.02179544210171955,0.0,453.263539803763,454.74660736820886,451.84497549354785,454.74690145107013
2.580000000000002,0.48862293600972234,1.5846758649160753,16.210537026461914,0.17173059432384274,6.220182302656317,0.0,0.6848612280366235,2.141857454522849,4.811163197623923,0.11429858135123841,-0.00794149721886526,0.0,474.26261724162885,475.32572128445685,475.6402457968443,474.4853366602718
2.640000000000002,0.5310456958890499,1.7167618549742132,16.50240132667128,0.17878346202369855,6.219667820021339,0.0,0.7292383009319069,2.2615847213259723,4.91691565717494,0.12335673791259899,-0.009872228080539702,0.0,466.3739862239934,466.22326268447347,466.5018074551524,467.2202888338536
2.700000000000002,0.5759341104444733,1.85559046706112,16.797383763683808,0.1861426149860197,6.218876667157598,0.0,0.7670882358754308,2.366617232100239,4.915582224394405,0.12120709983052731,-0.020809925209405607,0.0,434.6802806499736,433.76266738675116,434.3200528960884,434.1537009295008
2.760000000000002,0.6232977653903955,2.001387601869355,17.095135551051587,0.19313282651999586,6.217414250561454,0.0,0.8117941574196555,2.493856300026281,5.008749400601344,0.10488701308980493,-0.03267271424014847,0.0,465.32831318951463,464.39853221769,465.4147432885484,464.14684116407517
2.820000000000002,0.6732372174919229,2.1545465113893423,17.396401034471285,0.19950907267647988,6.215762273787018,0.0,0.8529957518678563,2.6119134262829293,5.033041579620421,0.10890168344112738,-0.01884762367217246,0.0,445.52125932006436,446.65016993895006,443.07337083613425,443.4132796394404
2.880000000000002,0.7255626449906816,2.314565336802582,17.697468699967835,0.2064127459770324,6.2151476969337125,0.0,0.8912468616972811,2.7225500621882097,5.002414825000054,0.12516586897407633,0.0029916261891996237,0.0,425.9119900054574,427.77617380317804,427.4176338453871,428.81397066704056
2.940000000000002,0.7803035597770364,2.4816790628711014,17.9983280532132,0.21417472709966034,6.2152069894798885,0.0,0.9334095838046358,2.8484871963619898,5.0257952970292346,0.13665854156186374,-0.003354598227385433,0.0,446.391834309016,445.8735573780504,444.52377521685065,445.4799109778035
3.000000000000002,0.8375815025186818,2.6565124724292932,18.30069504679818,0.22216449732628352,6.21543515729849,0.0,0.9758189067253756,2.979905072090331,5.052618873699151,0.1250585210958671,0.015237723152610887,0.0,447.0880192418602,448.6005101186811,447.91267069289387,446.9842486267064
3.0600000000000023,0.8973763273406246,2.839306130831386,18.60438372255311,0.2295493349102724,6.216395620448484,0.0,1.017224504018726,3.11375828538582,5.069908757806337,0.11880291342616942,0.017504807305258538,0.0,445.1931276678216,445.37852682223036,446.1623093423241,445.66484100454545
3.1200000000000023,0.95964182774223,3.0302747938107757,18.909182785052952,0.23638892654579902,6.21716965002194,0.0,1.058172860276234,3.2523535459707227,5.089614991464109,0.10204326603802477,0.001578213598511351,0.0,447.63322860242,446.33495426423684,448.3012456493526,446.948451149646
3.1800000000000024,1.0243490030354363,3.2296635356008228,19.215128028753007,0.2424085773366773,6.218020018812254,0.0,1.0986494441821593,3.3943298514005718,5.10813080288125,0.09665712427256543,0.03176709099324859,0.0,446.73935778048354,449.1946005991172,447.9764982959652,447.5468261902363
3.2400000000000024,1.091556234930321,3.4380168988305497,19.523585370184982,0.2482082793450875,6.219724658885525,0.0,1.1413593057875453,3.55112130938877,5.173108979359412,0.09667084360677668,0.02067336714918873,0.0,463.6267786990261,462.75435558581125,463.86169573571823,463.87032351541825
3.3000000000000025,1.1613505812730591,3.6561069897523994,19.836832527069497,0.2536045995880336,6.221285627428529,0.0,1.1849091779994123,3.718842422500104,5.267608617567984,0.07099036325293362,0.03499195236635718,0.0,473.4761452948105,474.5767473836538,475.09524074235077,473.12777452704586
3.3600000000000025,1.233370083024494,3.8829226578150386,20.150255216328535,0.25760571342517213,6.223918429064659,0.0,1.2155553115898907,3.841945804406734,5.180004493870161,0.05627545534223993,0.05744914531764033,0.0,415.3128304055662,417.2795085079803,417.243601092641,415.9602334947711
3.4200000000000026,1.3074016731034812,4.118122206992442,20.462055324903343,0.2608341740388669,6.226909155725853,0.0,1.2518087730006295,3.9981257720153365,5.212899211656392,0.0483508055292739,0.026833900888618138,0.0,457.65897634721154,455.21653681730805,456.174975764371,455.54342924440857
3.4800000000000026,1.3834131614847658,4.362077827043418,20.773393453454172,0.2635587783500073,6.228573783712296,0.0,1.2817584918507388,4.133836428990946,5.165042294963718,0.03876482891738595,0.029503913890114017,0.0,430.3306746057474,430.5568995667637,431.15623931366423,430.3466671585857
3.5400000000000027,1.461350968653517,4.614964781428097,21.08471347567832,0.26551721966289854,6.230395980014869,0.0,1.315951209868478,4.295670004278948,5.21180074238111,0.01612306767551038,0.032047766321184244,0.0,461.2467520323967,461.44791062849237,462.4523838002398,460.66544787537106
3.6000000000000028,1.5412320484548996,4.877222582760888,21.397577675580482,0.26638682515870027,6.231913615309415,0.0,1.3465612905544928,4.446122296022398,5.216789276042364,0.01101698558321231,0.00623622620375093,0.0,450.14014410920737,448.046169449973,449.26971547569116,448.85532355043966
3.660000000000003,1.6226822749730614,5.147247701239913,21.706192348668147,0.26697649935608236,6.232212125040984,0.0,1.3684416721043202,4.554753819707333,5.070976058001017,0.007336876950511418,0.002325469193648002,0.0,397.9057848612763,397.54742787341206,397.7994792160997,397.4621447348161
3.720000000000003,1.7056456315595225,5.424833461566678,22.009970582208492,0.2671522472921435,6.2325272310406525,0.0,1.396964207528732,4.697929880175227,5.054878554350028,-0.0077951976283106685,0.010542030056105529,0.0,440.4538727395739,441.1329463109812,442.4784986402591,441.2306932362669
3.780000000000003,1.790491200669263,5.711916837392268,22.316234856038363,0.2667226181424658,6.233165686220886,0.0,1.4311025866482534,4.871089544975979,5.153259371638339,-0.005920311497530127,0.010837970113816068,0.0,479.2792336658024,479.30159564764057,476.1502758442041,476.29383086264346
3.840000000000003,1.8771723680045305,6.008308858379781,22.62462350905136,0.26627815716214176,6.233795014696554,0.0,1.458198385312787,5.008412165195088,5.126373718801605,-0.010562058793731994,0.00978117628550959,0.0,440.31001151751593,440.22243028790706,438.68964478321647,438.3040676496864
3.900000000000003,1.9657561366872085,6.314442357686432,22.9370904150912,0.26598194805036,6.234250765209573,0.0,1.4944635561332305,5.195495346176856,5.288152050182381,0.004438942583752658,0.002821344571665165,0.0,498.40415634511004,497.8950127776387,497.2989961960626,498.3968850413313
3.960000000000003,2.0563003234833683,6.63066724056713,23.255268648706366,0.2665388226319596,6.23495583443259,0.0,1.523597531515117,5.345078360735908,5.317446672179836,0.017536463151325763,0.025372785894008293,0.0,459.62044294016846,461.4045891455984,458.6596629173576,459.6988182370604
4.020000000000002,2.148496666701447,6.955432086432526,23.573713550747602,0.2675542354019669,6.2370337074814035,0.0,1.549430828445667,5.480287134332144,5.29731534894906,0.01566871094895064,0.04863539654717803,0.0,443.7119692537788,445.61856922743283,444.73774709341325,444.5846200228761
4.080000000000001,2.2423504534367305,7.28916814944273,23.894165041042882,0.26889474391132495,6.239937679041926,0.0,1.5786736491266655,5.643976379618137,5.383714014708079,0.033142492097531624,0.04792372175786094,0.0,479.07932299375005,479.02644445376256,477.17853569712275,478.5108683226034
4.14,2.3381215476518387,7.634134408061947,24.224937156950368,0.2710768182004921,6.242832892522696,0.0,1.6132237395816902,5.854482234029031,5.640234443059933,0.04214244972325925,0.048904995887323395,0.0,528.9563572933649,529.0249556510142,528.914746978721,529.534697028401
4.199999999999998,2.4356041964162847,7.989859118846218,24.564302270540527,0.2736126532586347,6.245510020833494,0.0,1.635891076374559,6.002926356670978,5.671478662741731,0.04250568663694391,0.03426263892856647,0.0,467.46489153709626,466.32322061341716,466.2383037356937,466.2675654103406
4.259999999999997,2.534241957076932,8.353391981810942,24.901602891374647,0.2758417153186521,6.247258641508438,0.0,1.6518864909539994,6.114914424930032,5.572236322415327,0.023404051156442993,0.016184047076996715,0.0,425.41819915594994,423.8671919550332,425.7341012503075,424.0967619441256
4.319999999999996,2.633796324074504,8.723509896374555,25.232518532077076,0.27739093510536783,6.248639133020744,0.0,1.6665075985512348,6.222369411482759,5.458767074571498,0.030260502780983353,0.03400782860960426,0.0,416.44061050685417,417.99733383405004,420.4359366215448,421.02990817222815
4.379999999999995,2.7343349170799436,9.101121857301413,25.560372452074173,0.27944177795902636,6.250751161525407,0.0,1.6845601443196216,6.364566299199611,5.469392370386371,0.041049622954169626,0.037484537712854316,0.0,459.25675768377835,459.53299555769075,458.7205367444466,459.577149217778
4.439999999999993,2.835765393468349,9.485987617284795,25.88443249329322,0.28192213810334543,6.252516766052267,0.0,1.6963129154419814,6.464411990612421,5.333195643951171,0.04191239802455633,0.003934126815087657,0.0,411.4666763526437,408.485061961612,411.12045400969237,411.1979712046275
4.499999999999992,2.937987859000144,9.877831519003257,26.203758551038185,0.28399146617034443,6.2533206375846255,0.0,1.7110382269926792,6.596990546391322,5.3108687146069125,0.012374757026233914,0.027641503499953327,0.0,447.917825487347,449.8421179592037,448.55795616824554,446.1525929498592
4.559999999999991,3.0409872720927855,10.276798980637478,26.518959029405355,0.28497000933569083,6.254962712883087,0.0,1.7221560184776223,6.701882647980849,5.196332621634772,0.023200615327362863,0.026815151505362927,0.0,416.7554346731938,416.6834128943889,416.97618281757775,417.92106823355283
4.6199999999999894,3.144726205540546,10.683027695936387,26.83070964916393,0.28614865144229995,6.256711967809753,0.0,1.7356364654778624,6.838880315370732,5.195158370911389,0.011363902775432266,0.03346339709739914,0.0,453.55498897893926,454.08898656959855,454.8518666973726,453.9026480814852
4.679999999999988,3.2492317453997464,11.097379111321338,27.14216963883138,0.28751406489746856,6.258730221996268,0.0,1.7476833329917514,6.972628976368112,5.186705191938833,0.039120845077193524,0.03398358961243867,0.0,452.9797943392924,453.0220634826282,450.1420418997964,452.3832595519262
4.739999999999987,3.3544178164781986,11.519700871326263,27.45301195578172,0.28988142546327467,6.260808310272385,0.0,1.7583184266983451,7.104674674239835,5.174523435029291,0.040117884246209636,0.03590615950246067,0.0,450.41222294118427,450.568209008806,452.06781708665426,452.14892332507145
4.799999999999986,3.4602051374238134,11.94998554115883,27.76328083430734,0.29224132477774667,6.263045657897663,0.0,1.7677107496489048,7.238048703636042,5.167555946577491,0.03771134318999925,0.03992016308081092,0.0,453.4281670361503,453.75122620301147,453.2775845345739,453.0848358323093
4.859999999999984,3.566514909806543,12.388306544131364,28.073271405348336,0.2945940008642358,6.265349099507221,0.0,1.775718147370013,7.3725333969554345,5.165220927167089,0.04205328354596154,0.03514230208209735,0.0,455.3940267246019,455.0122614944363,455.3008889610595,455.6489532727273
4.919999999999983,3.673203413390099,12.833722870650078,28.37994214457798,0.2972429389608777,6.267453617209865,0.0,1.78040526099911,7.474737506742136,5.057541704050219,0.048040420961020236,0.034940972786155225,0.0,420.23173197591603,420.214878501548,420.59356014123523,421.1131479742089
4.979999999999982,3.780227821579695,13.286948678676907,28.685653198431584,0.2999168188479562,6.26943285109305,0.0,1.7868442844883372,7.632587789499478,5.132062723195004,0.036506894692163686,0.02876242313351859,0.0,479.73219969661426,479.26304032011706,479.4651673799794,478.58886748420787
5.0399999999999805,3.88753719446004,13.74832917706568,28.991582557784923,0.3022977859370579,6.270837662769109,0.0,1.790000329768204,7.746725248420086,5.065735651409159,0.04537733262421462,0.009683799802473539,0.0,437.08469038816924,435.49136944349476,434.38035502076883,435.1246303887682
